0 0.5171875 0.8625 0.25 0.275
3 0.91015625 0.4395833333333333 0.1796875 0.2875
3 0.334375 0.39479166666666665 0.23125 0.21875
4 0.29375 0.8354166666666667 0.3015625 0.325
0 0.4984375 0.5510416666666667 0.2484375 0.3541666666666667
9 0.9359375 0.7802083333333333 0.128125 0.38125
2 0.221875 0.5083333333333333 0.44375 0.6020833333333333
5 0.81953125 0.8916666666666667 0.340625 0.21666666666666667
7 0.67734375 0.32083333333333336 0.24375 0.31666666666666665
1 0.74453125 0.6208333333333333 0.2875 0.4666666666666667
8 0.1234375 0.73125 0.246875 0.5375