9 0.86015625 0.859375 0.23125 0.27708333333333335
3 0.67421875 0.6833333333333333 0.1171875 0.33958333333333335
7 0.84765625 0.48854166666666665 0.29375 0.36875
3 0.51171875 0.29270833333333335 0.1140625 0.18958333333333333
6 0.30546875 0.5114583333333333 0.60625 0.4708333333333333
7 0.8546875 0.5125 0.290625 0.42291666666666666
5 0.10859375 0.8677083333333333 0.184375 0.14791666666666667
4 0.31484375 0.8145833333333333 0.2078125 0.26666666666666666
8 0.36328125 0.284375 0.234375 0.21041666666666667
0 0.16484375 0.22916666666666666 0.2625 0.22083333333333333
10 0.76328125 0.4 0.4734375 0.3729166666666667