3 0.7859375 0.571875 0.1015625 0.09791666666666667
2 0.203125 0.6239583333333333 0.153125 0.17083333333333334
4 0.3359375 0.709375 0.221875 0.24583333333333332
10 0.8453125 0.4322916666666667 0.2109375 0.31875
5 0.834375 0.7114583333333333 0.33125 0.22708333333333333
8 0.19921875 0.76875 0.2 0.25416666666666665
7 0.6890625 0.5625 0.140625 0.19166666666666668
3 0.40546875 0.6114583333333333 0.103125 0.12708333333333333
0 0.53671875 0.5260416666666666 0.2140625 0.18333333333333332
9 0.91484375 0.49166666666666664 0.1703125 0.28541666666666665
0 0.5515625 0.69375 0.2421875 0.3125