4 0.33203125 0.8447916666666667 0.2546875 0.30625
9 0.8578125 0.865625 0.23125 0.26458333333333334
3 0.49609375 0.45 0.1484375 0.4479166666666667
0 0.296875 0.5458333333333333 0.2734375 0.3416666666666667
3 0.640625 0.7333333333333333 0.2625 0.44583333333333336
8 0.359375 0.39895833333333336 0.29375 0.33125
1 0.86953125 0.54375 0.2609375 0.48541666666666666
5 0.11875 0.7708333333333334 0.2 0.4583333333333333
7 0.55703125 0.85625 0.2421875 0.2875
10 0.7515625 0.425 0.496875 0.3541666666666667
0 0.13125 0.34791666666666665 0.246875 0.31666666666666665