0 0.52265625 0.871875 0.246875 0.25625
7 0.6703125 0.35 0.225 0.3
5 0.81953125 0.90625 0.340625 0.1875
2 0.3859375 0.6802083333333333 0.1796875 0.20208333333333334
1 0.73671875 0.6572916666666667 0.2875 0.4666666666666667
6 0.18359375 0.584375 0.3671875 0.83125
9 0.93515625 0.7989583333333333 0.1296875 0.3770833333333333
3 0.89453125 0.47291666666666665 0.2109375 0.2604166666666667
4 0.31796875 0.8489583333333334 0.190625 0.3020833333333333
3 0.421875 0.3645833333333333 0.0984375 0.11875
0 0.49453125 0.5760416666666667 0.25 0.3416666666666667