6 0.409375 0.6875 0.709375 0.6020833333333333
3 0.59140625 0.503125 0.1921875 0.3145833333333333
5 0.18828125 0.29583333333333334 0.3546875 0.26458333333333334
0 0.85234375 0.8395833333333333 0.2953125 0.32083333333333336
7 0.896875 0.6197916666666666 0.20625 0.31875
9 0.67578125 0.609375 0.2203125 0.3770833333333333
2 0.4078125 0.9822916666666667 0.0859375 0.035416666666666666
0 0.890625 0.325 0.2140625 0.3
3 0.45625 0.3625 0.1875 0.275
8 0.3 0.4875 0.4296875 0.20833333333333334
4 0.07421875 0.7979166666666667 0.1484375 0.2708333333333333