3 0.90703125 0.6979166666666666 0.1859375 0.43333333333333335
10 0.5421875 0.7979166666666667 0.5609375 0.275
7 0.43515625 0.221875 0.2140625 0.2708333333333333
6 0.675 0.3104166666666667 0.65 0.6208333333333333
3 0.90234375 0.44479166666666664 0.171875 0.24583333333333332
0 0.7609375 0.5916666666666667 0.253125 0.3333333333333333
0 0.76640625 0.578125 0.225 0.325
2 0.20625 0.20520833333333333 0.3328125 0.39791666666666664
8 0.15390625 0.61875 0.2828125 0.5229166666666667
9 0.59453125 0.09583333333333334 0.075 0.10416666666666667
5 0.6 0.5708333333333333 0.1015625 0.09583333333333334
1 0.29140625 0.5625 0.3203125 0.39166666666666666