1 0.8671875 0.525 0.2625 0.4666666666666667
2 0.4703125 0.715625 0.521875 0.56875
10 0.74453125 0.39895833333333336 0.5078125 0.35833333333333334
5 0.12734375 0.753125 0.25 0.4625
8 0.359375 0.38645833333333335 0.29375 0.33125
9 0.85390625 0.85 0.2234375 0.3
0 0.12265625 0.3260416666666667 0.2453125 0.31666666666666665
3 0.68671875 0.8302083333333333 0.096875 0.17708333333333334
4 0.28359375 0.8197916666666667 0.2046875 0.3375
3 0.45625 0.421875 0.1375 0.3958333333333333
3 0.61171875 0.6447916666666667 0.21875 0.26875