2 0.25 0.2604166666666667 0.4046875 0.4979166666666667
9 0.6484375 0.20520833333333333 0.1875 0.325
8 0.15390625 0.61875 0.2828125 0.5229166666666667
4 0.9015625 0.171875 0.196875 0.2708333333333333
3 0.909375 0.7052083333333333 0.18125 0.4125
0 0.73046875 0.55 0.2546875 0.33541666666666664
3 0.86015625 0.35208333333333336 0.2796875 0.43125
5 0.62578125 0.47708333333333336 0.340625 0.23958333333333334
7 0.4390625 0.24583333333333332 0.221875 0.3125
10 0.546875 0.8010416666666667 0.55 0.28125
1 0.30234375 0.5822916666666667 0.3359375 0.38333333333333336