8 0.15390625 0.61875 0.2828125 0.5229166666666667
2 0.21484375 0.21458333333333332 0.3421875 0.41041666666666665
9 0.59609375 0.09583333333333334 0.071875 0.10416666666666667
0 0.78046875 0.5802083333333333 0.1890625 0.27708333333333335
0 0.471875 0.12083333333333333 0.21875 0.24166666666666667
3 0.90859375 0.6927083333333334 0.1828125 0.45625
5 0.6125 0.559375 0.096875 0.09583333333333334
6 0.67421875 0.29791666666666666 0.64375 0.5916666666666667
7 0.4375 0.259375 0.209375 0.23958333333333334
10 0.540625 0.7947916666666667 0.5546875 0.2625
1 0.29296875 0.5697916666666667 0.3203125 0.39166666666666666