4 0.90078125 0.16041666666666668 0.1984375 0.2375
3 0.9078125 0.7072916666666667 0.184375 0.4125
0 0.72421875 0.5666666666666667 0.253125 0.34375
1 0.30859375 0.5864583333333333 0.3265625 0.4083333333333333
5 0.5921875 0.48020833333333335 0.28125 0.25625
3 0.8609375 0.35208333333333336 0.278125 0.425
10 0.5453125 0.80625 0.5453125 0.3
7 0.440625 0.24895833333333334 0.21875 0.31666666666666665
8 0.15390625 0.61875 0.2828125 0.5229166666666667
2 0.2515625 0.25625 0.4109375 0.49583333333333335
9 0.64921875 0.20520833333333333 0.1875 0.325