8 0.18984375 0.79375 0.2296875 0.2625
7 0.61796875 0.5291666666666667 0.0546875 0.058333333333333334
3 0.1890625 0.759375 0.0765625 0.10833333333333334
5 0.84921875 0.7625 0.3015625 0.25416666666666665
4 0.31640625 0.7354166666666667 0.2203125 0.275
2 0.18671875 0.628125 0.15625 0.1375
6 0.853125 0.09895833333333333 0.29375 0.19791666666666666
1 0.753125 0.534375 0.2671875 0.41041666666666665
9 0.9328125 0.4875 0.134375 0.29375
0 0.5171875 0.5885416666666666 0.1890625 0.21458333333333332
0 0.55390625 0.7104166666666667 0.2671875 0.3375