10 0.52421875 0.7864583333333334 0.5515625 0.3229166666666667
7 0.4390625 0.25104166666666666 0.225 0.32083333333333336
3 0.86796875 0.3489583333333333 0.2640625 0.41875
9 0.64921875 0.203125 0.1875 0.32916666666666666
5 0.62578125 0.48333333333333334 0.340625 0.25
2 0.253125 0.26666666666666666 0.40625 0.49166666666666664
8 0.15390625 0.61875 0.2828125 0.5229166666666667
7 0.434375 0.2375 0.2859375 0.3458333333333333
1 0.30703125 0.5822916666666667 0.3328125 0.4083333333333333
3 0.9046875 0.7041666666666667 0.190625 0.42291666666666666
4 0.89765625 0.17708333333333334 0.2046875 0.2604166666666667