9 0.85625 0.8614583333333333 0.234375 0.27708333333333335
3 0.68984375 0.7447916666666666 0.1625 0.28125
3 0.4921875 0.32708333333333334 0.1265625 0.19583333333333333
8 0.359375 0.39895833333333336 0.29375 0.33125
10 0.76796875 0.42604166666666665 0.4640625 0.3729166666666667
1 0.86171875 0.5395833333333333 0.275 0.47291666666666665
7 0.56015625 0.8572916666666667 0.246875 0.28541666666666665
5 0.10703125 0.9229166666666667 0.190625 0.15416666666666667
6 0.31953125 0.6270833333333333 0.6390625 0.5854166666666667
4 0.303125 0.8729166666666667 0.2171875 0.25416666666666665
0 0.18828125 0.33541666666666664 0.28125 0.225