3 0.50546875 0.5270833333333333 0.1390625 0.44375
0 0.13671875 0.4270833333333333 0.2578125 0.3333333333333333
1 0.86484375 0.6104166666666667 0.2703125 0.45416666666666666
0 0.3046875 0.6208333333333333 0.2578125 0.3333333333333333
8 0.37890625 0.46458333333333335 0.29375 0.33125
7 0.57578125 0.8854166666666666 0.275 0.22916666666666666
3 0.6375 0.7697916666666667 0.25 0.4479166666666667
9 0.878125 0.896875 0.234375 0.20625
4 0.3359375 0.8864583333333333 0.2546875 0.22708333333333333
10 0.759375 0.484375 0.48125 0.38958333333333334
5 0.1171875 0.803125 0.2 0.39375