5 0.62109375 0.4822916666666667 0.3265625 0.2604166666666667
9 0.6421875 0.20520833333333333 0.1890625 0.325
8 0.15390625 0.61875 0.2828125 0.5229166666666667
1 0.31171875 0.590625 0.3734375 0.3854166666666667
2 0.2609375 0.284375 0.4296875 0.5166666666666667
4 0.90390625 0.18541666666666667 0.1921875 0.24791666666666667
3 0.903125 0.6958333333333333 0.19375 0.43125
7 0.44296875 0.24270833333333333 0.28125 0.3375
10 0.52734375 0.7875 0.5578125 0.33958333333333335
3 0.85859375 0.3614583333333333 0.2828125 0.45625
7 0.44140625 0.24270833333333333 0.2234375 0.3145833333333333