7 0.58125 0.7770833333333333 0.2640625 0.36875
1 0.86953125 0.39791666666666664 0.2609375 0.46458333333333335
0 0.31328125 0.4395833333333333 0.2734375 0.3416666666666667
0 0.13515625 0.24791666666666667 0.2578125 0.325
3 0.65859375 0.6 0.2421875 0.39375
4 0.3609375 0.7395833333333334 0.246875 0.3375
3 0.50625 0.346875 0.159375 0.43125
8 0.36796875 0.28541666666666665 0.29375 0.33125
5 0.14453125 0.678125 0.2 0.4625
10 0.7578125 0.3020833333333333 0.48125 0.38958333333333334
9 0.87578125 0.7583333333333333 0.2203125 0.3541666666666667