3 0.50234375 0.28854166666666664 0.11875 0.23125
6 0.3046875 0.5052083333333334 0.60625 0.4708333333333333
3 0.6890625 0.7666666666666667 0.121875 0.40625
10 0.77109375 0.3875 0.4578125 0.375
2 0.4015625 0.825 0.540625 0.35
5 0.115625 0.8520833333333333 0.1828125 0.17291666666666666
8 0.3671875 0.290625 0.2328125 0.21458333333333332
1 0.8734375 0.5239583333333333 0.253125 0.4708333333333333
0 0.15625 0.20729166666666668 0.228125 0.17083333333333334
6 0.32890625 0.50625 0.6578125 0.5708333333333333
4 0.31875 0.7916666666666666 0.2546875 0.30625
9 0.8578125 0.8552083333333333 0.2328125 0.28541666666666665