4 0.0984375 0.8177083333333334 0.196875 0.31666666666666665
3 0.45390625 0.3625 0.1765625 0.25833333333333336
8 0.30390625 0.48541666666666666 0.4296875 0.20833333333333334
6 0.409375 0.696875 0.709375 0.6020833333333333
5 0.18828125 0.29583333333333334 0.3546875 0.26458333333333334
0 0.85625 0.8375 0.2875 0.325
7 0.896875 0.625 0.20625 0.3229166666666667
3 0.59453125 0.49166666666666664 0.19375 0.3104166666666667
2 0.3953125 0.9739583333333334 0.090625 0.052083333333333336
9 0.6796875 0.6125 0.2328125 0.38333333333333336
0 0.89375 0.328125 0.2125 0.3