3 0.35234375 0.359375 0.1125 0.22291666666666668
3 0.86875 0.38645833333333335 0.196875 0.36666666666666664
0 0.52265625 0.803125 0.3234375 0.30416666666666664
5 0.825 0.8427083333333333 0.35 0.2604166666666667
4 0.284375 0.7541666666666667 0.2921875 0.275
10 0.9203125 0.35104166666666664 0.159375 0.38125
0 0.50390625 0.4895833333333333 0.26875 0.3333333333333333
9 0.92734375 0.7114583333333333 0.1453125 0.35833333333333334
2 0.234375 0.43645833333333334 0.415625 0.6104166666666667
8 0.15703125 0.6666666666666666 0.26875 0.6041666666666666
7 0.69140625 0.3614583333333333 0.2453125 0.31875