4 0.1348828125 0.5715625 0.1448828125 0.17088541666666668
4 0.242109375 0.4326041666666667 0.152578125 0.19942708333333334
4 0.350703125 0.2921875 0.1453125 0.18197916666666666
4 0.3518359375 0.5883854166666667 0.1358203125 0.17541666666666667
4 0.454296875 0.4486979166666667 0.1219921875 0.16109375
4 0.5233984375 0.32557291666666666 0.1373046875 0.2015625
4 0.5990625 0.17854166666666668 0.1128125 0.16
4 0.7011328125 0.32151041666666663 0.1816796875 0.20359375000000002
4 0.809140625 0.24468749999999997 0.1125 0.14213541666666665
4 0.545078125 0.5546875 0.1151171875 0.15552083333333333
4 0.6875390625 0.4867708333333333 0.1013671875 0.12994791666666666
4 0.627578125 0.7043229166666666 0.1311328125 0.17026041666666666
4 0.7775390625 0.6458333333333334 0.1480859375 0.16937500000000003
4 0.8553125 0.4796354166666667 0.1381640625 0.1708333333333333
4 0.9344140625 0.3425 0.1240234375 0.15083333333333335