4 0.28328125 0.41630208333333335 0.1453125 0.19734375
4 0.31375 0.7232291666666667 0.144140625 0.19848958333333333
4 0.411796875 0.22348958333333332 0.1196875 0.14572916666666666
4 0.429609375 0.3754166666666667 0.1621875 0.25046875
4 0.529921875 0.20739583333333333 0.1147265625 0.15947916666666667
4 0.4901171875 0.6453645833333334 0.16375 0.21125000000000002
4 0.5762890625 0.480625 0.1430859375 0.19739583333333333
4 0.5466015625 0.8675 0.1181640625 0.15921875
4 0.62109375 0.3279166666666667 0.09484375 0.14932291666666667
4 0.7001953125 0.24953124999999998 0.126640625 0.18145833333333336
4 0.7898046875 0.6188020833333333 0.1496484375 0.18260416666666668