4 0.209375 0.4535416666666667 0.1353125 0.14322916666666666
4 0.300703125 0.21838541666666667 0.136484375 0.17223958333333333
4 0.38265625 0.3623958333333333 0.162578125 0.22744791666666667
4 0.5063671875 0.14354166666666665 0.1342578125 0.17276041666666667
4 0.575703125 0.24161458333333333 0.194765625 0.21567708333333332
4 0.5355078125 0.44515625 0.1741015625 0.20296875
4 0.6798828125 0.22578125000000002 0.1044140625 0.17786458333333333
4 0.7524609375 0.33786458333333336 0.1278125 0.16005208333333334
4 0.688125 0.47500000000000003 0.1415625 0.16776041666666666
4 0.79171875 0.5516145833333334 0.1764453125 0.20458333333333334
4 0.45640625 0.7444270833333334 0.16984375 0.2501041666666667