5 0.53625 0.899296875 0.29322916666666665 0.20140625
5 0.26718749999999997 0.8166796875 0.3221354166666667 0.2358203125
5 0.8236979166666667 0.7660546875 0.3047916666666667 0.2242578125
5 0.546875 0.7096484375 0.28744791666666664 0.21265625
5 0.16010416666666666 0.6242578125 0.3202083333333333 0.2300390625
5 0.7223958333333332 0.5505078125 0.268125 0.198203125
5 0.4465625 0.5121484375 0.3144270833333333 0.219921875
5 0.19869791666666667 0.404375 0.26619791666666665 0.198203125
5 0.38578124999999996 0.217734375 0.37421875 0.258984375
5 0.6182291666666667 0.3219140625 0.3607291666666667 0.2444921875
5 0.8964062500000001 0.4007421875 0.2071875 0.24015625